10 0.0013335 84.7533 25.6529 3.30384
30 0.0038735 84.4245 25.6535 3.29096
50 0.0064135 84.3512 25.6548 3.28793
70 0.0089535 84.7227 25.6565 3.30219
90 0.0114935 86.3792 25.6582 3.36653
110 0.0140335 84.9724 25.6608 3.31137
130 0.0165735 85.1809 25.6613 3.31943
150 0.0191135 84.6584 25.6627 3.29889
170 0.0216535 84.3673 25.6641 3.28737
190 0.0241935 85.6033 25.6661 3.33526
210 0.0267335 85.579 25.6672 3.33417
230 0.0292735 86.328 25.6685 3.36319
250 0.0318135 86.591 25.6688 3.3734
270 0.0343535 86.2027 25.67 3.35812
290 0.0368935 86.7461 25.6708 3.37918
310 0.0394335 86.266 25.6717 3.36035
330 0.0419735 86.6865 25.6731 3.37655
350 0.0445135 86.826 25.6751 3.38172
370 0.0470535 86.5076 25.675 3.36933
390 0.0495935 86.4605 25.6764 3.36731
410 0.0521335 86.535 25.6762 3.37024
430 0.0546735 88.4794 25.6778 3.44575
450 0.0572135 87.672 25.6782 3.41426
470 0.0597535 88.2177 25.679 3.4354
490 0.0622935 87.6387 25.6804 3.41267
510 0.0648335 88.2589 25.6807 3.43678
530 0.0673735 88.5798 25.6817 3.44915
550 0.0699135 88.9851 25.6831 3.46473
570 0.0724535 89.3793 25.685 3.47983
590 0.0749935 88.9691 25.6861 3.46371
610 0.0775335 89.6521 25.6883 3.49
630 0.0800735 89.3774 25.6886 3.47927
650 0.0826135 89.932 25.6888 3.50082
670 0.0851535 89.7315 25.6902 3.49282
690 0.0876935 89.7333 25.6914 3.49273
710 0.0902335 90.6378 25.6932 3.5277
730 0.0927735 90.157 25.693 3.509
750 0.0953135 90.4651 25.6933 3.52096
770 0.0978535 90.1224 25.6954 3.50733
790 0.100393 91.0973 25.6967 3.54509
810 0.102933 89.8983 25.6984 3.4982
830 0.105473 91.4842 25.7019 3.55944
850 0.108013 91.0572 25.7029 3.54268
870 0.110553 91.9755 25.705 3.57811
890 0.113093 92.3861 25.7063 3.59391
910 0.115633 91.639 25.7083 3.56457
930 0.118173 91.387 25.7091 3.55465
950 0.120713 93.1095 25.7104 3.62147
970 0.123253 92.0339 25.7105 3.57962
990 0.125794 92.8276 25.7111 3.61041
1010 0.128333 92.6072 25.7119 3.60172
1030 0.130874 92.2627 25.7138 3.58806
1050 0.133413 93.3228 25.7135 3.62933
1070 0.135953 93.7627 25.7152 3.6462
1090 0.138493 93.1783 25.7167 3.62326
1110 0.141033 92.5439 25.7197 3.59818
1130 0.143573 94.3575 25.7209 3.66851
1150 0.146113 94.1544 25.7245 3.6601
1170 0.148653 93.3332 25.7254 3.62806
1190 0.151193 94.9113 25.7264 3.68926
1210 0.153733 93.9204 25.727 3.65066
1230 0.156273 94.7373 25.7288 3.68215
1250 0.158813 95.3427 25.7323 3.70517
1270 0.161353 94.2317 25.7328 3.66193
1290 0.163893 96.8363 25.7336 3.76304
1310 0.166433 94.887 25.7349 3.68709
1330 0.168973 97.3177 25.7377 3.78114
1350 0.171513 97.1285 25.7376 3.7738
1370 0.174053 96.565 25.7387 3.75174
1390 0.176593 95.9475 25.7392 3.72767
1410 0.179134 95.5693 25.7398 3.71291
1430 0.181673 97.5073 25.7419 3.78788
1450 0.184214 97.7958 25.7407 3.79926
1470 0.186753 97.7625 25.7425 3.79771
1490 0.189294 97.8916 25.7449 3.80237
1510 0.191833 98.8191 25.7466 3.83815
1530 0.194373 97.7845 25.7478 3.79779
1550 0.196913 99.2437 25.7501 3.8541
1570 0.199453 100.34 25.7519 3.89643
1590 0.201993 98.678 25.7567 3.83115
1610 0.204533 100.251 25.7566 3.89223
1630 0.207073 99.2168 25.7566 3.85209
1650 0.209613 99.5957 25.7612 3.86611
1670 0.212153 99.3931 25.7623 3.85808
1690 0.214693 101.2 25.7649 3.92784
1710 0.217233 100.743 25.7661 3.90991
1730 0.219773 101.151 25.7689 3.92532
1750 0.222313 101.055 25.7703 3.92139
1770 0.224853 103.058 25.7726 3.99874
1790 0.227393 101.942 25.7731 3.95537
1810 0.229933 101.716 25.777 3.94601
1830 0.232473 102.294 25.7776 3.96833
1850 0.235013 103.565 25.7798 4.01728
1870 0.237554 102.303 25.7824 3.96795
1890 0.240093 102.846 25.7831 3.98891
1910 0.242634 103.012 25.7835 3.99527
1930 0.245173 103.153 25.7854 4.00043
1950 0.247713 103.808 25.7868 4.02562
1970 0.250253 103.339 25.7893 4.00705
1990 0.252794 103.32 25.791 4.00605
2010 0.255333 104.733 25.7942 4.06034
2030 0.257873 106.293 25.797 4.12036
2050 0.260413 105.408 25.8013 4.08536
2070 0.262954 106.184 25.8017 4.11538
2090 0.265493 105.724 25.8063 4.09686
2110 0.268033 106.762 25.8081 4.13675
2130 0.270573 107.308 25.8092 4.15774
2150 0.273114 106.829 25.812 4.13872
2170 0.275653 106.664 25.8139 4.13203
2190 0.278193 106.351 25.8157 4.11962
2210 0.280733 108.689 25.8164 4.21008
2230 0.283274 108.148 25.8193 4.18865
2250 0.285813 109.26 25.822 4.23129
2270 0.288353 110.386 25.8244 4.27449
2290 0.290893 109.603 25.8282 4.24356
2310 0.293434 109.428 25.8294 4.23656
2330 0.295974 110.038 25.8318 4.2598
2350 0.298513 110.021 25.8322 4.25905
2370 0.301053 111.51 25.8343 4.31636
2390 0.303593 110 25.8378 4.25732
2410 0.306134 111.934 25.841 4.33164
2430 0.308673 112.552 25.8426 4.35529
2450 0.311213 112.494 25.8428 4.35301
2470 0.313753 111.786 25.844 4.3254
2490 0.316294 112.379 25.8449 4.34822
2510 0.318833 112.567 25.8465 4.3552
2530 0.321373 114.108 25.8463 4.41487
2550 0.323913 112.443 25.8482 4.35011
2570 0.326454 114.486 25.8506 4.42877
2590 0.328993 113.992 25.8534 4.40917
2610 0.331533 113.996 25.8548 4.40908
2630 0.334073 114.901 25.8571 4.44371
2650 0.336614 116.873 25.8558 4.52019
2669 0.339027 116.928 25.8589 4.52178
2690 0.341693 117.081 25.8597 4.52753
2710 0.344233 115.766 25.8606 4.47655
2730 0.346774 116.734 25.8605 4.514
2750 0.349313 118.833 25.8636 4.59459
2770 0.351853 118.9 25.8636 4.59718
2790 0.354393 117.804 25.8642 4.55471
2810 0.356933 119.038 25.8678 4.6018
2830 0.359474 118.673 25.8695 4.58738
2850 0.362013 120.077 25.8742 4.64081
2870 0.364553 119.559 25.8758 4.62049
2890 0.367093 121.335 25.876 4.68911
2910 0.369634 121.483 25.8775 4.69455
2930 0.372173 123.274 25.8781 4.76362
2950 0.374713 121.661 25.881 4.70077
2970 0.377253 122.355 25.8847 4.72694
2990 0.379794 124.669 25.8876 4.81578
3010 0.382333 123.807 25.8879 4.78244
3030 0.384873 124.324 25.8889 4.80221
3050 0.387413 124.174 25.8879 4.79662
3070 0.389954 126.046 25.8937 4.8678
3090 0.392493 124.8 25.8956 4.81934
3110 0.395033 125.822 25.9009 4.85785
3130 0.397573 127.419 25.9023 4.9192
3149 0.399986 126.117 25.906 4.86823
3170 0.402653 128.945 25.9085 4.97694
3190 0.405193 128.974 25.9086 4.97805
3209 0.407606 128.261 25.9103 4.95021
3230 0.410273 129.98 25.9118 5.01623
3250 0.412813 131.555 25.9152 5.07635
3269 0.415226 131.631 25.9186 5.07864
3290 0.417893 131.965 25.9229 5.09065
3310 0.420433 132.092 25.93 5.09418
3329 0.422846 132.813 25.9322 5.12153
3350 0.425513 134.22 25.9361 5.17505
3370 0.428053 135.3 25.9378 5.21631
3389 0.430466 135.443 25.9408 5.22125
3410 0.433134 135.418 25.9471 5.21898
3430 0.435673 136.385 25.9512 5.25544
3449 0.438086 138.456 25.9549 5.33448
3470 0.440753 139.079 25.9577 5.35791
3490 0.443294 137.692 25.9603 5.30394
3510 0.445833 140.207 25.9673 5.39936
3530 0.448373 140.32 25.971 5.40295
3550 0.450913 140.945 25.9771 5.42573
3570 0.453454 141.33 25.9787 5.44023
3590 0.455993 143.574 25.9829 5.5257
3610 0.458533 144.529 25.9867 5.56167
3630 0.461073 144.74 25.9932 5.56839
3650 0.463613 145.949 25.9999 5.61344
3670 0.466153 146.997 26.0016 5.6534
3690 0.468693 147.469 26.0068 5.67039
3710 0.471233 147.668 26.0078 5.67785
3730 0.473773 150.727 26.016 5.79362
3750 0.476314 149.277 26.0211 5.73677
3770 0.478853 151.391 26.0256 5.817
3790 0.481393 153.112 26.0361 5.88075
3810 0.483933 152.293 26.0396 5.84851
3830 0.486474 154.704 26.0486 5.93905
3850 0.489013 156.627 26.052 6.0121
3870 0.491553 159.326 26.0568 6.11459
3890 0.494093 159.337 26.0596 6.11433
3910 0.496634 158.982 26.067 6.099
3930 0.499173 161.094 26.0726 6.17868
3949 0.501586 163.443 26.0759 6.26798
3969 0.504127 162.866 26.0785 6.2452
3990 0.506794 165.42 26.0872 6.34101
4009 0.509207 165.97 26.0903 6.36136
4029 0.511746 167.075 26.0927 6.40312
4050 0.514413 168.63 26.0967 6.46172
4069 0.516826 172.183 26.103 6.59631
4089 0.519366 172.368 26.108 6.60209
4110 0.522033 172.966 26.1147 6.62334
4130 0.524574 174.931 26.1179 6.69776
4149 0.526987 177.203 26.1232 6.78338
4170 0.529653 178.884 26.1336 6.84497
4190 0.532193 180.795 26.141 6.91613
4209 0.534606 182.466 26.1546 6.97642
4230 0.537273 183.999 26.1574 7.0343
4250 0.539813 185.686 26.1701 7.09534
4269 0.542226 188.062 26.1735 7.18518
4284 0.544131 0.123665 0.0140401 8.80801
4290 0.544894 190.351 26.155 7.27781
4310 0.547434 191.731 26.1608 7.32892
4325 0.549338 0.150703 0.0159435 9.45229
4329 0.549847 194.012 26.1427 7.42125
4350 0.552513 197.374 26.1494 7.54794
4362 0.554037 1.95525 0.210814 9.27475
4370 0.555053 198.982 26.1645 7.60503
4389 0.557466 202.742 26.1806 7.74398
4410 0.560133 204.145 26.1849 7.79631
4413 0.560515 2.0994 0.2219 9.46103
4430 0.562673 208.697 26.1979 7.96618
4449 0.565086 212.917 26.2047 8.12514
4470 0.567754 216.65 26.2083 8.26648
4482 0.569277 0.538468 0.00771442 69.8002
4483 0.569404 0.978467 0.0229092 42.7106
4484 0.569531 0.00182429 0.000179097 10.1861
4486 0.569785 0.169507 0.00238314 71.1276
4487 0.569912 0.0214721 0.000619639 34.6525
4490 0.570294 216.482 26.1537 8.27729
4493 0.570674 1.82053 0.168189 10.8243
4509 0.572707 221.742 26.1639 8.47513
4526 0.574866 1.17656 0.023114 50.9026
4530 0.575373 225.186 26.1491 8.61163
4540 0.576643 0.198717 0.0024701 80.449
4541 0.57677 0.400734 0.00617121 64.936
4543 0.577024 0.0547834 0.00171712 31.9042
4550 0.577913 227.382 26.1014 8.71146
4560 0.579183 1.87922 0.174938 10.7422
4569 0.580326 234.181 26.1135 8.96783
4579 0.581596 0.108837 0.0019724 55.1801
4580 0.581723 0.0470153 0.00120772 38.929
4586 0.582485 1.04925 0.0229257 45.7672
4588 0.582739 0.312042 0.0241816 12.9041
4589 0.582866 1.23688 0.0248769 49.7201
4590 0.582993 235.855 26.0004 9.0712
4594 0.583502 0.120774 0.00157525 76.6693
4597 0.583882 1.87239 0.133318 14.0445
4602 0.584518 0.46302 0.00630196 73.4724
4610 0.585533 240.446 25.9918 9.25083
4621 0.586931 0.339229 0.00501773 67.6061
4623 0.587184 0.0468217 0.00080947 57.8424
4628 0.587819 1.78488 0.0430225 41.4871
4629 0.587946 246.513 25.9465 9.50085
4640 0.589344 1.79568 0.121821 14.7403
4643 0.589724 0.748397 0.0120603 62.0548
4644 0.589851 0.846643 0.0143593 58.9613
4645 0.589978 0.879977 0.0159159 55.2891
4646 0.590105 1.09431 0.0207888 52.6392
4650 0.590614 249.391 25.841 9.65098
4651 0.590741 0.0142435 0.000678937 20.9791
4652 0.590867 0.015626 0.000525635 29.7279
4661 0.59201 0.432001 0.00576905 74.8825
4662 0.592137 0.547236 0.00784703 69.738
4665 0.592518 0.867088 0.0148563 58.365
4667 0.592773 1.06976 0.0201128 53.188
4669 0.593027 1.19045 0.0262213 45.4
4670 0.593154 252.487 25.7274 9.81392
4676 0.593915 1.80048 0.138178 13.0302
4677 0.594043 1.8701 0.100984 18.5188
4678 0.59417 0.0913689 0.00128053 71.3525
4680 0.594423 0.196025 0.00243969 80.3482
4681 0.59455 0.0690693 0.00559635 12.3419
4682 0.594677 0.601388 0.00891183 67.4819
4685 0.595058 0.805667 0.0133822 60.2042
4686 0.595186 2.13334 0.0401427 53.144
4687 0.595313 1.03671 0.0192158 53.9509
4688 0.59544 1.23469 0.024812 49.7619
4689 0.595566 253.298 25.5086 9.92989
4692 0.595947 0.00029946 7.25629e-05 4.12691
4709 0.598106 1.06091 0.0273995 38.7201
4710 0.598233 261.438 25.4994 10.2527
4715 0.598869 2.03651 0.0909061 22.4024
4716 0.598996 1.83587 0.129446 14.1825
4719 0.599376 0.0716789 0.000828346 86.5325
4720 0.599503 0.525213 0.00825609 63.6152
4721 0.59963 0.0658422 0.00235065 28.0102
4722 0.599757 0.0757794 0.00112139 67.5763
4724 0.600012 0.868983 0.0167319 51.9358
4726 0.600266 0.855692 0.0171195 49.9834
4727 0.600392 1.17103 0.0229547 51.0147
4728 0.600519 0.0730739 0.00109328 66.8393
4730 0.600773 267.807 25.435 10.5291
4733 0.601154 0.101463 0.00173158 58.5956
4741 0.60217 0.3667 0.00471547 77.7652
4744 0.602552 0.74079 0.0123383 60.0401
4745 0.602679 0.843256 0.0165485 50.9565
4746 0.602805 0.905298 0.0167653 53.9984
4749 0.603186 272.019 25.2968 10.7531
4750 0.603313 0.0916157 0.00442701 20.6947
4751 0.60344 0.276575 0.00342466 80.7598
4752 0.603568 0.0380649 0.000941401 40.4343
4756 0.604075 1.62445 0.0373237 43.5234
4760 0.604583 0.190438 0.00267483 71.1962
4762 0.604838 0.396433 0.00903218 43.8911
4763 0.604965 1.19996 0.0209647 57.2372
4765 0.605218 1.85742 0.106785 17.394
4766 0.605345 2.40742 0.0444522 54.1576
4767 0.605472 1.41912 0.0298559 47.5322
4770 0.605853 279.78 25.1096 11.1424
4775 0.606488 1.94929 0.0983607 19.8178
4780 0.607123 0.227795 0.00289558 78.6697
4781 0.607251 0.665481 0.00985625 67.5187
4783 0.607505 0.780131 0.0161161 48.407
4785 0.607758 0.926358 0.0163323 56.7194
4786 0.607885 0.90979 0.0159145 57.1674
4787 0.608012 2.20819 0.0432548 51.0506
4788 0.608139 2.83463 0.0640573 44.2515
4789 0.608266 1.09894 0.0257738 42.6379
4790 0.608394 280.146 24.7763 11.307
4795 0.609028 0.0521445 0.00086846 60.0424
4797 0.609282 0.0734533 0.00165406 44.4078
4799 0.609536 0.00112916 2.06083e-05 54.7912
4800 0.609664 0.164714 0.00204924 80.378
4801 0.609791 0.00217406 0.000195513 11.1198
4802 0.609918 0.310228 0.00640677 48.4218
4803 0.610044 0.452463 0.00881866 51.3075
4804 0.610171 1.58122 0.0291963 54.1582
4806 0.610425 0.144292 0.00181356 79.5631
4808 0.610679 2.22692 0.0466024 47.7855
4809 0.610807 1.23146 0.0276463 44.5435
4810 0.610934 287.703 24.5682 11.7104
4813 0.611314 2.12052 0.0553965 38.2789
4817 0.611822 0.139042 0.00175987 79.0074
4819 0.612077 0.10786 0.00157539 68.4656
4820 0.612204 0.0843079 0.00160668 52.4733
4821 0.61233 1.13412 0.0149871 75.6735
4822 0.612457 0.900525 0.0175693 51.2556
4823 0.612584 1.36855 0.0249578 54.8345
4825 0.612838 0.277988 0.00353281 78.6875
4826 0.612965 3.19206 0.060023 53.1807
4827 0.613092 0.0129353 0.000477332 27.0992
4828 0.61322 4.6753 0.122384 38.2019
4829 0.613347 2.38812 0.0517614 46.137
4830 0.613474 287.719 24.1215 11.9279
4839 0.614617 0.0944336 0.00111018 85.0618
4840 0.614743 0.0579356 0.00160562 36.083
4841 0.61487 1.63706 0.0242708 67.45
4842 0.614997 0.391764 0.00772675 50.7023
4843 0.615124 1.9001 0.0351921 53.9921
4844 0.615251 0.839124 0.0141781 59.1846
4845 0.615378 0.138753 0.00175692 78.9754
4847 0.615633 1.02087 0.0204715 49.8681
4848 0.61576 0.148544 0.00277528 53.524
4849 0.615887 1.35939 0.0288012 47.1991
4850 0.616013 291.263 23.7976 12.2392
4854 0.616521 0.128396 0.00212174 60.5145
4856 0.616776 0.623343 0.00935863 66.6062
4858 0.61703 0.0062988 0.000332788 18.9273
4860 0.617283 0.183606 0.00272152 67.4646
4861 0.61741 1.02716 0.014664 70.0464
4862 0.617537 0.47319 0.00700482 67.5521
4863 0.617664 1.88526 0.0292326 64.4917
4864 0.617791 0.73486 0.0128044 57.3914
4865 0.617918 1.79626 0.0312543 57.4724
4866 0.618046 1.61253 0.0391917 41.1448
4868 0.6183 2.38431 0.0471465 50.5724
4869 0.618426 3.86189 0.0817455 47.2429
4870 0.618553 285.314 23.2502 12.2715
4872 0.618807 0.0767005 0.00113092 67.8213
4875 0.619189 0.361168 0.00530208 68.1183
4876 0.619316 0.0426105 0.000763262 55.8268
4879 0.619696 0.022446 0.000231292 97.0462
4880 0.619823 0.172233 0.00244135 70.5485
4881 0.61995 0.379761 0.00521699 72.7932
4882 0.620077 0.476334 0.00653683 72.8692
4883 0.620204 1.06134 0.0220159 48.2078
4885 0.620459 2.52619 0.0432398 58.4229
4886 0.620586 0.964323 0.0192082 50.2038
4887 0.620713 0.15643 0.00193916 80.6693
4888 0.620839 0.116738 0.00214998 54.297
4889 0.620966 1.14582 0.0259855 44.0945
4890 0.621093 295.977 23.0035 12.8666
4891 0.62122 0.0193771 0.000587366 32.9898
4893 0.621474 0.0721032 0.00108315 66.5683
4899 0.622236 0.10757 0.00186765 57.5963
4900 0.622363 0.501812 0.00696162 72.0826
4901 0.62249 0.0174998 0.000557176 31.408
4902 0.622617 1.0484 0.0150809 69.5181
4903 0.622745 1.23434 0.0197683 62.4404
4904 0.622872 1.44062 0.0228621 63.0136
4905 0.622999 1.74641 0.0300154 58.1837
4906 0.623125 1.04915 0.0188818 55.5643
4907 0.623252 5.32247 0.104073 51.1415
4910 0.623633 296.928 22.5461 13.1698
4915 0.624269 0.152554 0.00225308 67.7094
4920 0.624903 0.308513 0.00455962 67.662
4921 0.62503 0.949353 0.0123034 77.1615
4922 0.625158 0.860407 0.0138393 62.1713
4923 0.625285 1.17947 0.0204008 57.815
4924 0.625412 0.77925 0.0127661 61.0408
4925 0.625538 1.69232 0.0287624 58.8381
4926 0.625665 2.96155 0.0566647 52.2646
4927 0.625792 4.65661 0.0937622 49.6641
4928 0.625919 2.38853 0.0487393 49.0063
4929 0.626046 1.15931 0.0268237 43.2198
4930 0.626173 299.204 21.9729 13.6169
4931 0.6263 0.00274329 0.000219622 12.491
4933 0.626555 0.162783 0.00446252 36.4779
4934 0.626682 0.0738913 0.00110179 67.0647
4935 0.626808 0.00867775 0.000390611 22.2158
4936 0.626935 0.048917 0.0008327 58.745
4938 0.627189 0.142352 0.00179367 79.3633
4939 0.627316 0.137864 0.00274365 50.2484
4940 0.627443 0.10022 0.00103326 96.9936
4941 0.627571 1.4919 0.0215417 69.2563
4942 0.627698 0.929515 0.0144151 64.482
4943 0.627825 3.01243 0.0712297 42.2918
4944 0.627951 1.75576 0.0302392 58.0625
4945 0.628078 5.29738 0.0945117 56.0499
4946 0.628205 1.99472 0.0369755 53.947
4947 0.628332 0.173178 0.00246099 70.3692
4948 0.628459 1.18598 0.0233862 50.7131
4949 0.628586 3.11759 0.0825649 37.7593
4950 0.628713 298.489 21.3933 13.9525
4951 0.628841 0.072922 0.0018599 39.2075
4953 0.629095 1.98508 0.0947609 20.9483
4959 0.629856 0.0317149 0.000518656 61.1483
4960 0.629984 0.466147 0.0082046 56.8153
4961 0.630111 1.36271 0.0202824 67.1867
4962 0.630238 0.76105 0.0121018 62.8872
4963 0.630364 2.45473 0.0398818 61.5502
4964 0.630491 0.748921 0.0120721 62.0372
4965 0.630618 3.63324 0.0658362 55.1861
4966 0.630745 1.1248 0.01995 56.3809
4967 0.630872 2.09279 0.0435079 48.1014
4968 0.630999 5.84674 0.119584 48.8924
4969 0.631127 5.90313 0.127995 46.1201
4970 0.631254 292.004 20.5652 14.1989
4971 0.631381 0.154605 0.00192013 80.5181
4974 0.631761 0.0638052 0.000995426 64.0984
4975 0.631888 0.121238 0.00157991 76.737
4977 0.632142 0.0978012 0.00211875 46.1599
4978 0.632269 0.0755969 0.0011195 67.5274
4979 0.632397 0.146152 0.00242407 60.292
4980 0.632524 0.372191 0.00542446 68.6134
4981 0.632651 1.15242 0.017212 66.9546
4982 0.632777 0.925874 0.01373 67.4344
4983 0.632904 1.78078 0.0312655 56.9568
4984 0.633031 2.3056 0.0374558 61.5552
4985 0.633158 2.65244 0.0505338 52.4884
4986 0.633285 3.03589 0.0565013 53.7314
4987 0.633412 3.48125 0.0667079 52.1865
4988 0.63354 4.46021 0.0926925 48.1183
4989 0.633667 3.65796 0.0783408 46.6929
4990 0.633794 289.955 19.8185 14.6305
4992 0.634047 0.185938 0.00225494 82.4582
4993 0.634174 0.0595084 0.000949145 62.6968
4995 0.634428 0.0214854 0.000619839 34.6628
4997 0.634682 0.214723 0.00334584 64.1762
4998 0.63481 0.213562 0.00387355 55.1335
5000 0.635064 0.645142 0.00890205 72.4712
5001 0.63519 0.740119 0.0121108 61.1121
5002 0.635317 3.83614 0.0537416 71.3811
5003 0.635444 1.41822 0.0234381 60.5091
5004 0.635571 4.45988 0.0738445 60.3956
5005 0.635698 0.874693 0.0163997 53.336
5006 0.635825 3.02495 0.0581834 51.9898
5007 0.635953 1.24544 0.0244009 51.0408
5008 0.63608 3.56764 0.0736281 48.4548
5009 0.636207 2.12961 0.0494264 43.0865
5010 0.636333 281.251 18.9664 14.8289
5011 0.63646 0.0543218 0.00160458 33.8543
5012 0.636587 0.0977107 0.00151059 64.6837
5016 0.637095 0.00120995 0.000145857 8.29551
5017 0.637223 0.117543 0.00256863 45.761
5019 0.637477 0.106227 0.00144466 73.5304
5020 0.637603 0.368681 0.00457721 80.5472
5021 0.63773 0.417293 0.00552352 75.5484
5022 0.637857 0.982843 0.013938 70.5152
5023 0.637984 2.34839 0.0384172 61.1286
5024 0.638111 2.29157 0.0389432 58.844
5025 0.638238 1.94606 0.0358609 54.2669
5026 0.638366 5.09295 0.0938877 54.2451
5027 0.638493 4.0496 0.0821964 49.2674
5028 0.63862 2.40983 0.0479547 50.2523
5029 0.638746 5.77344 0.124949 46.2065
5030 0.638873 282.515 18.2648 15.4677
5031 0.639 0.0236839 0.000652326 36.3069
5033 0.639254 0.0227434 0.000638587 35.6152
5034 0.639381 0.0327375 0.00136595 23.9668
5035 0.639508 0.236889 0.0043483 54.4785
5037 0.639763 0.0860236 0.0021342 40.3071
5038 0.639889 0.116823 0.00220725 52.9268
5039 0.640016 0.0668277 0.00159497 41.899
5040 0.640143 0.491094 0.00914273 53.7142
5041 0.64027 1.00747 0.0127665 78.9151
5042 0.640397 1.30963 0.0217819 60.1247
5043 0.640524 1.14447 0.0187727 60.9643
5044 0.640651 5.48855 0.107408 51.0998
5045 0.640779 3.45225 0.0634988 54.3671
5046 0.640906 4.52959 0.0885756 51.1382
5047 0.641033 5.25292 0.103903 50.5562
5048 0.641159 7.74481 0.161411 47.9819
5049 0.641286 4.93136 0.116247 42.4216
5050 0.641413 270.339 17.1734 15.7418
5051 0.64154 0.103456 0.00166745 62.0443
5052 0.641667 0.0830349 0.00230691 35.9941
5053 0.641794 0.0567235 0.00226492 25.0443
5054 0.641922 0.271019 0.0034995 77.4452
5055 0.642049 0.25636 0.00380558 67.3643
5057 0.642302 0.0757699 0.00112129 67.5737
5058 0.642429 0.0387446 0.0012029 32.2093
5059 0.642556 0.132369 0.0020545 64.4289
5060 0.642683 0.0418107 0.00167068 25.0261
5061 0.64281 1.05921 0.0145539 72.7784
5062 0.642937 1.2346 0.0192296 64.2029
5063 0.643064 1.98399 0.0317025 62.5816
5064 0.643192 2.3959 0.0444013 53.9601
5065 0.643319 2.63225 0.0456005 57.7242
5066 0.643446 1.91685 0.034489 55.5787
5067 0.643572 3.76612 0.0814559 46.235
5068 0.643699 6.02813 0.127106 47.4261
5069 0.643826 9.60682 0.214071 44.8768
5070 0.643953 259.201 16.161 16.0387
5075 0.644589 0.213902 0.00313593 68.2099
5076 0.644715 0.343863 0.00553189 62.1601
5077 0.644842 0.34752 0.00463488 74.9794
5078 0.644969 0.0869458 0.00152172 57.1365
5079 0.645096 0.272974 0.00311748 87.5625
5080 0.645223 0.222958 0.00296457 75.2074
5081 0.64535 1.67541 0.0223119 75.0905
5082 0.645477 0.054341 0.00089269 60.8734
5083 0.645605 1.35211 0.022263 60.7336
5084 0.645732 2.06169 0.0355628 57.9731
5085 0.645859 2.18973 0.0427728 51.1945
5086 0.645985 3.57687 0.0690717 51.7849
5087 0.646112 3.42147 0.0684328 49.9975
5088 0.646239 8.3506 0.168146 49.6629
5089 0.646366 2.20049 0.0565652 38.9018
5090 0.646493 257.371 15.3078 16.8131
5091 0.64662 0.24376 0.00300421 81.1393
5092 0.646748 0.0786666 0.0011512 68.3344
5093 0.646875 0.209948 0.00259874 80.7882
5094 0.647002 0.0556592 0.00090717 61.3548
5096 0.647255 0.0448745 0.00140499 31.9395
5098 0.647509 0.120691 0.00311067 38.799
5099 0.647636 0.16299 0.00203872 79.9473
5100 0.647763 0.679667 0.00975019 69.708
5101 0.64789 2.09319 0.0285542 73.3059
5102 0.648018 0.426097 0.0076241 55.8882
5103 0.648145 5.11595 0.0826459 61.9021
5104 0.648272 3.4177 0.0597008 57.2472
5105 0.648398 0.969263 0.0175007 55.3842
5106 0.648525 4.87994 0.0916128 53.267
5107 0.648652 5.40564 0.103485 52.2362
5108 0.648779 2.32773 0.0521029 44.6756
5109 0.648906 6.01891 0.131397 45.8071
5110 0.649033 241.453 14.1352 17.0817
5111 0.649161 0.0549171 0.00159814 34.3631
5112 0.649288 0.0275099 0.00070607 38.962
5113 0.649415 0.117605 0.00188648 62.3411
5115 0.649668 0.0410299 0.000898268 45.6766
5117 0.649922 0.351421 0.00533035 65.9283
5118 0.650049 0.0565723 0.00118995 47.5416
5119 0.650176 0.28806 0.00362807 79.3976
5120 0.650303 0.724159 0.0100574 72.0026
5121 0.650431 1.19968 0.0183059 65.5348
5122 0.650558 2.75132 0.0443985 61.9688
5123 0.650684 1.72081 0.0293506 58.6294
5124 0.650811 2.77763 0.0483718 57.4226
5125 0.650938 6.99559 0.127359 54.928
5126 0.651065 4.04782 0.0805358 50.2611
5127 0.651192 1.15634 0.0221072 52.3062
5128 0.651319 9.31801 0.190386 48.9428
5129 0.651446 2.72687 0.0540546 50.4466
5130 0.651574 223.629 12.9318 17.2929
5131 0.651701 0.104028 0.001923 54.0967
5132 0.651828 0.0384323 0.00159285 24.1281
5133 0.651954 0.117914 0.00201688 58.4637
5134 0.652081 0.0126886 0.000472692 26.8432
5135 0.652208 0.250907 0.00309351 81.1076
5137 0.652462 0.301555 0.00467909 64.4473
5140 0.652844 0.0460395 0.000793647 58.0101
5141 0.652971 0.716485 0.0111689 64.15
5142 0.653097 3.8496 0.055815 68.9708
5143 0.653224 3.42189 0.0569207 60.1168
5144 0.653351 2.21922 0.0397237 55.8663
5145 0.653478 6.70739 0.11723 57.2157
5146 0.653605 6.95303 0.136549 50.9196
5147 0.653732 3.24246 0.0613402 52.8602
5148 0.653859 2.06657 0.047459 43.5444
5149 0.653987 1.34959 0.0284461 47.4437
5150 0.654114 209.824 11.8426 17.7177
5151 0.654241 0.153936 0.00191316 80.4614
5152 0.654367 0.135086 0.00557066 24.2496
5153 0.654494 0.286458 0.00403194 71.0471
5156 0.654875 0.147484 0.00184638 79.8775
5157 0.655002 0.236506 0.00291488 81.1375
5160 0.655384 0.312191 0.00478697 65.2168
5161 0.65551 1.83724 0.0260986 70.3962
5162 0.655637 1.99378 0.0304471 65.4834
5163 0.655764 4.8008 0.076277 62.939
5164 0.655891 2.19635 0.0382886 57.363
5165 0.656018 1.8392 0.0330438 55.6595
5166 0.656145 3.72357 0.0707066 52.6623
5167 0.656272 3.37843 0.0650779 51.9135
5168 0.6564 1.15378 0.0247709 46.5781
5169 0.656527 6.28435 0.128594 48.8696
5170 0.656654 191.256 10.7702 17.758
5171 0.65678 0.0020045 0.000187734 10.6773
5172 0.656907 0.00739117 0.000360492 20.503
5174 0.657161 0.22712 0.00280121 81.0795
5176 0.657415 0.0795211 0.00115999 68.5534
5178 0.65767 0.0362896 0.00134344 27.0124
5180 0.657923 0.304787 0.00454383 67.077
5181 0.65805 1.10546 0.0155893 70.9114
5182 0.658177 2.01161 0.0294488 68.3085
5183 0.658304 1.46546 0.0246549 59.4389
5184 0.658431 2.34604 0.0402246 58.3236
5185 0.658558 4.11631 0.0817921 50.3265
5186 0.658685 1.05674 0.0197577 53.4851
5187 0.658813 5.08351 0.0991181 51.2874
5188 0.65894 2.07358 0.0457878 45.2867
5189 0.659066 2.27499 0.0523072 43.4929
5190 0.659193 185.731 9.93512 18.6943
5191 0.65932 0.0408727 0.000744697 54.885
5193 0.659574 0.275979 0.00538732 51.2274
5194 0.659701 0.293712 0.0042819 68.5939
5195 0.659828 0.0637032 0.0013472 47.2856
5197 0.660083 0.2591 0.00332897 77.832
5199 0.660336 0.27799 0.00503335 55.2297
5200 0.660463 0.950465 0.015163 62.683
5201 0.66059 0.76006 0.0130179 58.3858
5202 0.660717 2.06874 0.0301492 68.6167
5203 0.660844 4.4391 0.0715155 62.0718
5204 0.660971 2.84944 0.0479475 59.4284
5205 0.661099 0.0427724 0.00127447 33.5609
5206 0.661226 2.69028 0.0523149 51.4247
5207 0.661353 2.13719 0.0412293 51.8366
5208 0.661479 5.9491 0.118015 50.4099
5209 0.661606 8.37302 0.183079 45.7345
5210 0.661733 165.255 8.80724 18.7635
5212 0.661987 0.207461 0.00491995 42.1673
5214 0.662241 0.0553259 0.000903513 61.2342
5216 0.662496 0.173036 0.00211487 81.8191
5219 0.662876 0.354947 0.00400363 88.6562
5220 0.663003 0.433283 0.00557193 77.7619
5221 0.66313 1.49958 0.0227073 66.0392
5222 0.663257 1.74959 0.0249989 69.9866
5223 0.663384 3.36447 0.0522601 64.3793
5224 0.663512 3.84054 0.0652145 58.8908
5225 0.663639 4.12626 0.0735506 56.1009
5226 0.663766 1.69599 0.0345159 49.1365
5227 0.663892 1.85133 0.0436721 42.3916
5228 0.664019 2.42521 0.04669 51.9428
5229 0.664146 4.8014 0.101803 47.1634
5230 0.664273 144.88 7.77837 18.6261
5232 0.664527 0.20792 0.00295794 70.2922
5233 0.664654 0.0143711 0.000503596 28.537
5235 0.664909 0.133859 0.00170717 78.4099
5236 0.665036 0.276189 0.00341956 80.7674
5237 0.665162 0.0130703 0.000479853 27.2381
5239 0.665416 0.0231674 0.000304546 76.0718
5240 0.665543 0.456742 0.00593114 77.0075
5241 0.66567 0.699914 0.00897053 78.0237
5242 0.665797 0.747592 0.0114485 65.3006
5243 0.665925 1.74836 0.0308181 56.7317
5244 0.666052 2.79763 0.0493974 56.6352
5245 0.666179 1.01786 0.0197421 51.5578
5246 0.666305 2.5847 0.0523083 49.4128
5247 0.666432 4.20592 0.0817682 51.4371
5248 0.666559 3.47078 0.069731 49.7739
5249 0.666686 3.74318 0.0816504 45.8439
5250 0.666813 135.404 7.01782 19.2943
5252 0.667067 0.141933 0.00314648 45.1086
5254 0.667322 0.254199 0.00385858 65.8789
5256 0.667575 0.124724 0.0022093 56.4541
5257 0.667702 0.129426 0.00200838 64.4428
5259 0.667956 0.136336 0.00218611 62.3646
5260 0.668083 0.356441 0.0050867 70.0731
5261 0.66821 1.2023 0.0160203 75.0485
5262 0.668338 0.34253 0.00646218 53.0054
5263 0.668465 0.58796 0.00998447 58.8874
5264 0.668592 3.76683 0.0616257 61.1244
5265 0.668718 5.74132 0.110003 52.1924
5266 0.668845 3.99338 0.0758977 52.6153
5268 0.669099 2.85692 0.070092 40.7596
5269 0.669226 6.5093 0.134229 48.4941
5270 0.669353 124.01 6.21518 19.9527
5271 0.66948 0.128302 0.00249871 51.3475
5272 0.669608 0.386447 0.00568983 67.9189
5273 0.669735 0.183026 0.0029457 62.1335
5277 0.670242 0.153017 0.00190362 80.3824
5278 0.670369 0.458464 0.00691698 66.281
5279 0.670496 0.0360111 0.000727198 49.5203
5280 0.670623 0.0915759 0.00185478 49.3728
5281 0.670751 1.06589 0.0136568 78.048
5282 0.670878 0.368459 0.00528674 69.6949
5283 0.671005 1.19915 0.0196553 61.0093
5284 0.671131 2.13633 0.041664 51.2751
5285 0.671258 5.35907 0.107038 50.067
5286 0.671385 1.90327 0.0363671 52.3351
5287 0.671512 2.91398 0.0604173 48.231
5288 0.671639 4.90404 0.0982537 49.912
5289 0.671766 3.86077 0.0809518 47.6922
5290 0.671894 111.574 5.3796 20.7402
5291 0.672021 0.120166 0.00252831 47.5283
5292 0.672148 0.699891 0.0102489 68.2897
5293 0.672274 0.0765723 0.00174669 43.8386
5295 0.672528 0.261883 0.00338512 77.3631
5298 0.672909 0.171549 0.00209893 81.7319
5300 0.673164 0.244274 0.00483199 50.5535
5301 0.673291 0.893188 0.0120882 73.8892
5302 0.673418 1.57095 0.023353 67.2696
5303 0.673544 3.76635 0.0567874 66.3236
5304 0.673671 3.8036 0.0632273 60.1576
5305 0.673798 1.71109 0.0333433 51.3173
5306 0.673925 1.67435 0.0330662 50.6363
5308 0.674179 0.0186791 0.000576291 32.4125
5309 0.674307 8.41321 0.180508 46.6085
5310 0.674434 93.8683 4.49969 20.8611
5312 0.674687 0.349994 0.00516563 67.7545
5318 0.675449 0.0528705 0.00135535 39.0087
5319 0.675577 0.378147 0.00629225 60.0973
5320 0.675704 0.054752 0.00165374 33.1079
5321 0.675831 0.899423 0.0128867 69.7947
5322 0.675957 1.05039 0.0160617 65.3972
5323 0.676084 3.42587 0.054488 62.8738
5324 0.676211 2.24728 0.037947 59.2215
5325 0.676338 3.5848 0.0636597 56.312
5326 0.676465 0.919299 0.025166 36.5294
5327 0.676592 3.89476 0.0859926 45.2917
5329 0.676847 3.55491 0.0782335 45.4397
5330 0.676974 75.3112 3.74284 20.1214
5331 0.6771 0.0514484 0.00086076 59.7709
5334 0.677481 0.604672 0.0080164 75.4294
5335 0.677608 0.233249 0.00434889 53.6341
5337 0.677862 0.0904042 0.00127079 71.1402
5339 0.678117 0.178619 0.00337382 52.9427
5340 0.678243 0.297545 0.00421499 70.592
5341 0.67837 0.030888 0.000719273 42.9433
5342 0.678497 0.00749827 0.000363094 20.651
5343 0.678624 1.44334 0.0238675 60.4732
5344 0.678751 2.95479 0.0505165 58.4916
5345 0.678878 1.65275 0.031253 52.8829
5346 0.679005 0.975116 0.0176364 55.2898
5347 0.679133 2.71322 0.0592749 45.7736
5348 0.67926 2.36944 0.0467014 50.7358
5349 0.679387 2.74172 0.0557473 49.1813
5350 0.679513 69.0435 3.26906 21.1203
5351 0.67964 0.0457464 0.00182547 25.06
5353 0.679894 0.00197678 0.000186432 10.6032
5354 0.680021 0.0463319 0.00133957 34.5871
5355 0.680148 0.0509039 0.00147986 34.3979
5356 0.680276 0.354868 0.00453493 78.2522
5360 0.680783 0.0989138 0.00135641 72.9233
5361 0.68091 0.735398 0.00948552 77.5285
5362 0.681037 0.847554 0.0133136 63.6609
5363 0.681164 0.61672 0.00922296 66.8679
5364 0.681291 2.22975 0.0381444 58.4554
5365 0.681418 2.63492 0.0487894 54.0061
5366 0.681546 1.06323 0.0199345 53.3364
5368 0.6818 3.56374 0.0716725 49.7226
5369 0.681926 65.5032 2.84144 23.0528
5371 0.68218 0.172857 0.00211294 81.8088
5376 0.682816 0.0419658 0.00144668 29.0084
5379 0.683196 0.259787 0.00405953 63.9943
5380 0.683323 0.253107 0.00488168 51.8485
5381 0.68345 0.987008 0.0137287 71.8938
5382 0.683577 0.461685 0.0062786 73.533
5383 0.683704 0.064108 0.00169204 37.888
5385 0.683959 0.833724 0.0140485 59.3462
5386 0.684086 1.65993 0.0332582 49.9105
5387 0.684213 1.10308 0.0210323 52.4467
5388 0.684339 3.28196 0.0718378 45.6857
5389 0.684466 57.6018 2.3603 24.4044
5393 0.684974 0.168356 0.00267084 63.0348
5394 0.685102 0.047776 0.000820045 58.2602
5397 0.685482 0.328633 0.00466664 70.4217
5400 0.685863 0.0607602 0.00128996 47.1024
5401 0.68599 0.831677 0.0111741 74.429
5402 0.686117 0.968424 0.0166704 58.0923
5403 0.686244 0.589963 0.00868274 67.9467
5404 0.686372 2.23723 0.0380915 58.7332
5405 0.686499 3.28938 0.0590007 55.7515
5406 0.686625 2.10168 0.0375283 56.0026
5407 0.686752 0.999391 0.0207043 48.2697
5408 0.686879 1.38616 0.0398388 34.7944
5409 0.687006 4.76163 0.103093 46.1877
5410 0.687133 39.2506 1.68642 23.2745
5411 0.68726 0.161203 0.00198916 81.0405
5414 0.687642 0.0374254 0.00139308 26.8651
5415 0.687769 0.091864 0.00183682 50.0125
5417 0.688022 0.310177 0.00388289 79.8831
5419 0.688276 0.227979 0.00265897 85.7397
5420 0.688403 0.246802 0.00480013 51.4158
5422 0.688657 1.9852 0.02799 70.9253
5423 0.688785 2.11629 0.0358611 59.0134
5425 0.689038 0.0194694 0.000588818 33.0653
5426 0.689165 1.71537 0.0366853 46.7591
5427 0.689292 2.18634 0.0412885 52.9528
5428 0.689419 3.17458 0.0701743 45.2386
5429 0.689546 30.1031 1.26257 23.8427
5433 0.690055 0.287221 0.00528521 54.3443
5434 0.690182 0.0827824 0.0011934 69.3671
5435 0.690308 0.057902 0.000931685 62.1476
5437 0.690562 0.131859 0.00190978 69.0441
5438 0.690689 0.250022 0.00308238 81.1132
5439 0.690816 0.00751236 8.36635e-05 89.7927
5440 0.690943 0.10884 0.00325024 33.4869
5441 0.691071 0.636717 0.00822497 77.4126
5442 0.691198 0.818485 0.0136557 59.9375
5443 0.691325 0.0124395 0.00046797 26.5819
5444 0.691451 0.780205 0.0129109 60.4302
5446 0.691705 0.163946 0.00365493 44.8562
5447 0.691832 2.87337 0.0576318 49.8574
5448 0.691959 0.964569 0.0254522 37.8973
5449 0.692086 23.4914 0.975679 24.0769
5454 0.692721 0.163003 0.00381974 42.674
5456 0.692975 0.0717684 0.00161541 44.4275
5458 0.693229 0.291649 0.00295965 98.5417
5460 0.693484 0.350479 0.00445489 78.6728
5461 0.693611 0.449755 0.00867354 51.8537
5462 0.693738 0.559216 0.00897519 62.3068
5463 0.693864 0.615814 0.0106937 57.5864
5465 0.694118 0.711813 0.0149701 47.5491
5466 0.694245 0.823831 0.0185075 44.5134
5467 0.694372 1.12239 0.0224719 49.9463
5468 0.694499 1.15699 0.0225523 51.3023
5470 0.694754 16.8457 0.708088 23.7904
5471 0.694881 0.0182575 0.000569518 32.0577
5474 0.695261 0.207108 0.00256594 80.7143
5475 0.695388 0.0251252 0.000672954 37.3357
5481 0.696151 0.61695 0.00872263 70.7298
5482 0.696277 0.00813755 0.000378256 21.5133
5483 0.696404 0.726631 0.0119929 60.5885
5485 0.696658 1.59468 0.0311149 51.2513
5489 0.697167 1.10835 0.0251333 44.0988
5490 0.697294 11.8311 0.524629 22.5515
5492 0.697547 0.120872 0.00244171 49.5031
5493 0.697674 0.0753318 0.00111675 67.4562
5498 0.69831 0.137172 0.00174082 78.7975
5501 0.69869 0.248964 0.0030691 81.1194
5502 0.698817 0.47753 0.0065581 72.8152
5507 0.699453 1.07089 0.0201437 53.1625
5509 0.699707 10.9402 0.44416 24.6312
5520 0.701103 0.0804536 0.00116956 68.7896
5522 0.701357 0.478457 0.00711919 67.2067
5525 0.701738 0.0300511 0.00120103 25.021
5526 0.701866 0.976904 0.0176315 55.4067
5530 0.702373 8.0485 0.340577 23.632
5541 0.70377 0.355763 0.00454847 78.216
5542 0.703897 0.629703 0.00948964 66.3569
5550 0.704913 7.14935 0.286503 24.9538
5561 0.70631 0.217642 0.00268859 80.9504
5564 0.706692 0.670269 0.0116587 57.4907
5567 0.707072 0.87677 0.0203712 43.0396
5568 0.707199 0.98488 0.0223438 44.0785
5569 0.707326 4.3526 0.182079 23.905
5576 0.708215 0.349438 0.00452741 77.1829
5577 0.708342 0.0166573 0.000543183 30.6661
5582 0.708977 0.459904 0.00624752 73.6139
5586 0.709485 1.03683 0.0192189 53.9482
5588 0.709739 1.09302 0.0237156 46.0886
5590 0.709993 1.85377 0.103998 17.825
5598 0.711009 0.104317 0.0027943 37.3321
5610 0.712533 2.14954 0.104419 20.5856
5629 0.714946 2.40723 0.104004 23.1456
5645 0.716978 0.920013 0.0161718 56.8899
5650 0.717614 1.92746 0.079488 24.2484
5670 0.720154 2.41529 0.0806353 29.9532
5685 0.722058 0.759219 0.0160706 47.2427
5686 0.722185 0.962971 0.0172697 55.7607
5689 0.722567 0.928483 0.0261776 35.4686
5692 0.722947 0.15678 0.00248118 63.1879
5704 0.724471 0.703618 0.011063 63.6009
