3 0.0004445 113.593 120 0.946611
12 0.0015875 115.003 120 0.958355
20 0.0026035 115.267 120.001 0.960556
28 0.0036195 114.383 120.001 0.953179
36 0.0046355 114.743 120.001 0.95618
44 0.0056515 112.837 120.002 0.940295
52 0.0066675 115.028 120.002 0.958552
60 0.0076835 114.018 120.003 0.950127
68 0.0086995 116.197 120.003 0.968284
76 0.0097155 117.513 120.003 0.979245
84 0.0107315 115.008 120.004 0.958372
92 0.0117475 115.435 120.004 0.961931
100 0.0127635 116.558 120.004 0.971286
108 0.0137795 116.892 120.004 0.974066
116 0.0147955 118.016 120.005 0.983428
124 0.0158115 117.596 120.005 0.979928
132 0.0168275 117.149 120.005 0.976199
140 0.0178435 117.356 120.006 0.977917
148 0.0188595 116.924 120.006 0.974317
156 0.0198755 116.653 120.007 0.972055
164 0.0208915 116.732 120.007 0.97271
172 0.0219075 114.908 120.008 0.957504
180 0.0229235 116.349 120.008 0.969511
188 0.0239395 117.209 120.008 0.976672
196 0.0249555 117.576 120.009 0.979732
204 0.0259715 118.876 120.009 0.990561
212 0.0269875 118.738 120.009 0.989405
220 0.0280035 117.372 120.01 0.97802
228 0.0290195 117.886 120.01 0.982302
236 0.0300355 119.344 120.01 0.994448
244 0.0310515 118.381 120.01 0.98642
252 0.0320675 118.432 120.011 0.98684
260 0.0330835 119.625 120.011 0.99678
268 0.0340995 120.363 120.012 1.00293
276 0.0351155 118.462 120.012 0.987082
284 0.0361315 120.21 120.012 1.00165
292 0.0371475 120.05 120.013 1.0003
300 0.0381635 119.78 120.014 0.99805
307 0.0390525 118.755 120.014 0.98951
316 0.0401955 119.606 120.015 0.996592
324 0.0412115 120.643 120.015 1.00523
332 0.0422275 119.64 120.015 0.996874
340 0.0432435 120.605 120.016 1.00491
348 0.0442595 122.219 120.017 1.01835
356 0.0452755 121.656 120.017 1.01366
364 0.0462915 123.151 120.018 1.02611
372 0.0473075 120.518 120.018 1.00416
380 0.0483235 119.878 120.018 0.998833
388 0.0493395 120.595 120.019 1.0048
396 0.0503555 121.892 120.019 1.0156
404 0.0513715 123.342 120.02 1.02768
412 0.0523875 121.234 120.02 1.01011
420 0.0534035 122.818 120.02 1.02331
428 0.0544195 121.556 120.021 1.0128
436 0.0554355 122.942 120.021 1.02433
444 0.0564515 121.636 120.021 1.01346
452 0.0574675 122.395 120.022 1.01977
460 0.0584835 123.564 120.022 1.02951
468 0.0594995 122.116 120.024 1.01744
476 0.0605155 122.932 120.024 1.02423
484 0.0615315 124.848 120.024 1.04019
492 0.0625475 124.449 120.025 1.03686
500 0.0635635 123.634 120.025 1.03007
507 0.0644525 123.171 120.025 1.02621
516 0.0655955 126.177 120.026 1.05124
524 0.0666115 122.367 120.026 1.0195
532 0.0676275 124.873 120.027 1.04037
540 0.0686435 126.883 120.028 1.05711
548 0.0696595 124.58 120.029 1.03792
556 0.0706755 126.505 120.029 1.05396
564 0.0716915 125.434 120.029 1.04502
572 0.0727075 127.723 120.03 1.06409
580 0.0737235 126.12 120.03 1.05074
587 0.0746125 126.116 120.031 1.0507
596 0.0757555 127.021 120.031 1.05823
604 0.0767715 127.131 120.031 1.05915
611 0.0776605 127.276 120.032 1.06035
620 0.0788035 126.049 120.032 1.05013
628 0.0798195 126.49 120.033 1.0538
636 0.0808355 128.127 120.033 1.06743
644 0.0818515 129.324 120.034 1.07739
652 0.0828675 128.823 120.034 1.07322
660 0.0838835 127.044 120.036 1.05838
668 0.0848995 128.218 120.036 1.06816
676 0.0859155 128.561 120.036 1.07102
684 0.0869315 129.091 120.037 1.07543
692 0.0879475 130.417 120.037 1.08647
699 0.0888365 130.602 120.038 1.08801
708 0.0899795 132.144 120.038 1.10085
716 0.0909955 130.826 120.038 1.08987
723 0.0918845 130.423 120.039 1.08651
731 0.0929005 128.931 120.039 1.07407
740 0.0940435 129.304 120.039 1.07718
748 0.0950595 131.409 120.04 1.09471
756 0.0960755 132.916 120.041 1.10726
764 0.0970915 131.541 120.041 1.0958
772 0.0981075 130.864 120.041 1.09016
780 0.0991235 133.317 120.042 1.11059
787 0.100012 132.288 120.042 1.10202
796 0.101155 133.644 120.043 1.1133
804 0.102171 131.855 120.043 1.0984
811 0.10306 134.257 120.044 1.1184
820 0.104203 134.606 120.044 1.12131
828 0.105219 131.915 120.044 1.09889
836 0.106235 133.351 120.045 1.11085
844 0.107251 134.54 120.045 1.12074
852 0.108267 133.955 120.045 1.11587
860 0.109283 133.779 120.046 1.1144
868 0.110299 134.082 120.047 1.11691
876 0.111315 134.468 120.047 1.12012
884 0.112331 134.929 120.047 1.12396
892 0.113347 135.34 120.048 1.12738
899 0.114236 138.042 120.05 1.14987
908 0.115379 135.15 120.051 1.12577
916 0.116395 133.943 120.052 1.11571
923 0.117284 136.615 120.052 1.13796
932 0.118427 136.359 120.053 1.13583
940 0.119443 136.583 120.053 1.13768
948 0.120459 138.983 120.054 1.15768
956 0.121475 135.73 120.055 1.13057
964 0.122491 136.564 120.055 1.13751
972 0.123507 137.975 120.056 1.14926
980 0.124523 138.614 120.057 1.15457
988 0.125539 138.039 120.057 1.14978
996 0.126555 139.186 120.057 1.15933
1004 0.127572 137.664 120.057 1.14665
1012 0.128587 138.439 120.058 1.1531
1020 0.129603 138.165 120.058 1.15082
1028 0.130619 138.686 120.059 1.15515
1036 0.131635 139.821 120.059 1.1646
1044 0.132651 139.811 120.061 1.1645
1052 0.133667 139.554 120.061 1.16235
1060 0.134683 140.406 120.062 1.16945
1068 0.1357 140.711 120.062 1.17198
1075 0.136589 141.331 120.062 1.17715
1083 0.137604 141.008 120.063 1.17445
1092 0.138747 142.881 120.063 1.19005
1099 0.139636 143.055 120.064 1.19149
1107 0.140652 143.424 120.065 1.19456
1116 0.141795 141.509 120.066 1.1786
1123 0.142684 143.33 120.066 1.19376
1131 0.1437 144.619 120.067 1.20449
1140 0.144843 143.861 120.068 1.19816
1147 0.145732 146.081 120.068 1.21665
1156 0.146875 144.294 120.069 1.20176
1163 0.147764 144.732 120.069 1.20541
1171 0.14878 144.761 120.07 1.20564
1180 0.149923 147.229 120.07 1.22619
1187 0.150812 145.453 120.07 1.21139
1195 0.151828 148.6 120.071 1.2376
1204 0.152971 146.666 120.072 1.22148
1211 0.15386 148.973 120.072 1.24069
1219 0.154877 145.506 120.074 1.21181
1228 0.156019 148.002 120.074 1.23259
1235 0.156908 148.48 120.075 1.23656
1243 0.157924 148.481 120.075 1.23658
1252 0.159068 148.544 120.075 1.2371
1259 0.159957 149.589 120.076 1.24579
1268 0.161099 148.795 120.077 1.23917
1275 0.161988 150.175 120.077 1.25066
1283 0.163004 146.926 120.077 1.2236
1292 0.164148 149.226 120.077 1.24275
1299 0.165037 150.908 120.078 1.25675
1307 0.166052 153.047 120.079 1.27455
1316 0.167195 151.79 120.08 1.26407
1323 0.168084 151.984 120.081 1.26568
1331 0.1691 151.797 120.082 1.26411
1340 0.170243 152.743 120.083 1.27198
1347 0.171132 152.676 120.084 1.27141
1355 0.172148 154.156 120.085 1.28372
1363 0.173164 154.267 120.086 1.28464
1371 0.17418 155.305 120.086 1.29328
1380 0.175323 153.49 120.087 1.27816
1387 0.176212 154.484 120.087 1.28644
1395 0.177228 156.911 120.087 1.30664
1404 0.178371 156.801 120.088 1.30572
1411 0.17926 155.274 120.089 1.29299
1419 0.180276 157.009 120.09 1.30743
1428 0.181419 156.47 120.09 1.30294
1435 0.182308 158.982 120.09 1.32385
1443 0.183325 156.74 120.091 1.30518
1452 0.184467 158.846 120.091 1.32271
1459 0.185356 159.82 120.091 1.33082
1468 0.186499 159.546 120.092 1.32853
1475 0.187388 161.619 120.092 1.34579
1483 0.188405 158.405 120.092 1.31902
1492 0.189547 159.558 120.093 1.32862
1499 0.190436 161.506 120.094 1.34483
1507 0.191452 161.918 120.093 1.34827
1516 0.192596 161.579 120.095 1.34543
1523 0.193484 162.597 120.096 1.35389
1531 0.1945 162.224 120.097 1.35078
1540 0.195643 162.673 120.097 1.35451
1547 0.196532 163.07 120.098 1.35781
1555 0.197548 165.352 120.099 1.3768
1563 0.198564 165.782 120.1 1.38037
1571 0.19958 165.082 120.101 1.37453
1580 0.200723 165.682 120.102 1.37951
1587 0.201613 165.358 120.103 1.3768
1595 0.202628 167.558 120.104 1.39511
1604 0.203771 168.762 120.104 1.40513
1611 0.20466 167.597 120.105 1.39541
1619 0.205676 168.973 120.107 1.40686
1628 0.206819 169.382 120.108 1.41025
1635 0.207708 170.375 120.109 1.4185
1643 0.208724 171.633 120.11 1.42897
1652 0.209867 169.102 120.111 1.40788
1659 0.210756 172.003 120.112 1.43203
1668 0.211899 171.175 120.112 1.42512
1675 0.212788 173.253 120.113 1.44242
1683 0.213804 173.591 120.113 1.44523
1692 0.214947 173.269 120.114 1.44254
1699 0.215836 173.825 120.115 1.44716
1707 0.216852 174.8 120.116 1.45527
1716 0.217995 175.88 120.117 1.46424
1723 0.218884 174.841 120.119 1.45556
1731 0.2199 176.438 120.121 1.46884
1740 0.221043 177.14 120.121 1.47468
1747 0.221932 177.26 120.123 1.47566
1755 0.222948 178.413 120.123 1.48524
1764 0.224091 179.513 120.125 1.49439
1771 0.22498 178.82 120.127 1.48859
1780 0.226123 181.237 120.127 1.5087
1787 0.227012 181.253 120.128 1.50883
1795 0.228028 180.697 120.129 1.50419
1804 0.229172 180.467 120.13 1.50227
1811 0.230061 183.676 120.131 1.52897
1819 0.231076 183.209 120.131 1.52507
1828 0.232219 185.823 120.131 1.54684
1835 0.233108 186.861 120.132 1.55547
1843 0.234124 186.7 120.133 1.55411
1852 0.235267 187.571 120.134 1.56135
1859 0.236156 186.659 120.135 1.55375
1867 0.237172 188.355 120.135 1.56785
1875 0.238188 189.226 120.136 1.5751
1883 0.239204 190.282 120.138 1.58387
1892 0.240347 191.883 120.139 1.59718
1899 0.241236 192.922 120.14 1.60581
1907 0.242252 193 120.141 1.60645
1916 0.243395 194.133 120.142 1.61586
1923 0.244284 195.889 120.142 1.63048
1931 0.2453 193.608 120.144 1.61147
1940 0.246443 194.452 120.146 1.61847
1947 0.247332 196.6 120.146 1.63634
1955 0.248348 196.781 120.147 1.63783
1964 0.249491 197.716 120.148 1.64561
1971 0.250381 200.56 120.149 1.66926
1980 0.251524 200.8 120.149 1.67125
1987 0.252412 199.664 120.151 1.66177
1995 0.253429 202.738 120.153 1.68734
2004 0.254572 202.661 120.153 1.68669
2011 0.25546 203.247 120.155 1.69154
2019 0.256476 203.746 120.156 1.69568
2028 0.25762 207.109 120.156 1.72366
2035 0.258508 207.017 120.157 1.72288
2043 0.259524 208.268 120.161 1.73324
2052 0.260667 208.944 120.164 1.73882
2059 0.261556 210.604 120.165 1.75263
2067 0.262572 212.116 120.167 1.76518
2075 0.263589 212.492 120.17 1.76826
2083 0.264604 215.234 120.172 1.79105
2092 0.265747 215.23 120.175 1.79098
2099 0.266636 216.844 120.177 1.80437
2107 0.267653 218.392 120.179 1.81722
2116 0.268795 220.436 120.18 1.83422
2123 0.269684 220.291 120.181 1.83299
2131 0.270701 220.971 120.182 1.83864
2139 0.271716 225.005 120.184 1.87217
2147 0.272732 224.584 120.186 1.86863
2156 0.273875 226.728 120.187 1.88647
2164 0.274892 226.757 120.194 1.88659
2171 0.27578 227.334 120.195 1.89137
2180 0.276923 230.312 120.197 1.91613
2188 0.27794 230.542 120.199 1.918
2195 0.278828 233.589 120.202 1.9433
2203 0.279844 234.556 120.203 1.95134
2212 0.280988 236.162 120.205 1.96467
2220 0.282003 240.234 120.207 1.99851
2227 0.282892 240.291 120.207 1.99897
2236 0.284035 241.392 120.209 2.00809
2244 0.285052 241.907 120.211 2.01236
2251 0.28594 244.34 120.211 2.03259
2260 0.287083 246.04 120.214 2.04668
2268 0.2881 250.247 120.218 2.08161
2275 0.288988 251.898 120.221 2.09529
2284 0.290131 254.214 120.223 2.11452
2292 0.291148 255.213 120.224 2.1228
2299 0.292036 255.459 120.227 2.1248
2308 0.293179 259.25 120.233 2.15624
2316 0.294195 261.503 120.235 2.17494
2323 0.295084 263.59 120.238 2.19224
2332 0.296227 267.385 120.241 2.22374
2340 0.297243 269.147 120.242 2.23837
2347 0.298132 274.504 120.245 2.28288
2356 0.299275 273.81 120.248 2.27705
2364 0.300291 276.153 120.252 2.29646
2371 0.30118 278.457 120.257 2.31552
2380 0.302323 281.568 120.26 2.34132
2388 0.303339 285.886 120.262 2.37719
2395 0.304229 289.67 120.266 2.40858
2404 0.305371 293.414 120.268 2.43967
2412 0.306387 294.639 120.273 2.44976
2420 0.307403 299.542 120.28 2.49038
2427 0.308292 302.045 120.285 2.51107
2436 0.309435 304.417 120.291 2.53066
2444 0.310451 308.348 120.309 2.56296
2451 0.31134 314.166 120.315 2.61121
2460 0.312483 317.778 120.317 2.64117
2468 0.313499 321.962 120.321 2.67586
2475 0.314388 325.267 120.326 2.70321
2484 0.315531 330.303 120.331 2.74495
2492 0.316547 336.191 120.339 2.7937
2499 0.317437 342.808 120.344 2.84857
2508 0.318579 346.656 120.352 2.88036
2515 0.319468 353.992 120.359 2.94113
2523 0.320485 359.306 120.364 2.98517
2532 0.321628 365.645 120.371 3.03765
2540 0.322643 373.451 120.405 3.10163
2547 0.323533 380.032 120.408 3.15619
2556 0.324676 388.949 120.416 3.23004
2564 0.325691 395.423 120.428 3.28348
2571 0.32658 403.897 120.437 3.35359
2580 0.327724 413.77 120.441 3.43547
2588 0.328739 425.83 120.444 3.5355
2595 0.329628 437.368 120.451 3.63108
2604 0.330771 451.582 120.455 3.74895
2612 0.331788 464.478 120.464 3.85574
2620 0.332803 479.609 120.472 3.9811
2627 0.333693 500.401 120.466 4.15388
2631 0.334201 0.240878 0.0148353 16.2368
2634 0.334581 1.37691 0.0621267 22.163
2635 0.334708 2.66362 0.219779 12.1195
2636 0.334836 518.858 120.144 4.31866
2639 0.335216 0.301213 0.0204981 14.6947
2641 0.335471 1.75202 0.0581216 30.1441
2642 0.335597 1.51486 0.0812489 18.6447
2643 0.335724 1.38766 0.111353 12.4618
2644 0.335851 543.228 120.041 4.52538
2646 0.336106 0.922946 0.0209492 44.0564
2647 0.336232 0.15806 0.00956501 16.5248
2650 0.336614 1.60634 0.0708562 22.6704
2651 0.33674 571.769 120.003 4.76463
2652 0.336867 0.486123 0.00791733 61.3999
2655 0.337249 0.925403 0.0579144 15.9788
2657 0.337502 1.42756 0.0525268 27.1777
2658 0.337629 9.18622 0.462912 19.8444
2659 0.337756 16.4768 1.30054 12.6691
2660 0.337884 581.193 117.785 4.93434
2661 0.33801 1.87501 0.0368576 50.8717
2662 0.338137 1.6007 0.0613772 26.0797
2663 0.338264 3.03578 0.153549 19.7707
2664 0.338392 1.64599 0.0307556 53.5185
2665 0.338518 5.77709 0.173378 33.3208
2666 0.338645 10.6881 0.546419 19.5604
2667 0.338772 11.8828 1.0231 11.6146
2668 0.338899 611.682 116.724 5.2404
2669 0.339027 1.60224 0.0330663 48.4553
2670 0.339153 3.60747 0.0971101 37.1483
2671 0.33928 0.945907 0.0642699 14.7177
2674 0.339662 13.4728 0.696746 19.3368
2675 0.339788 661.569 116.365 5.68531
2676 0.339915 0.497427 0.00861354 57.7494
2677 0.340042 3.46976 0.0704853 49.2268
2678 0.34017 2.99384 0.08533 35.0854
2679 0.340297 7.61028 0.385899 19.7209
2680 0.340423 4.09468 0.0890183 45.9981
2681 0.34055 9.45793 0.32786 28.8474
2682 0.340677 22.8579 1.18161 19.3447
2683 0.340805 58.2551 4.61315 12.628
2684 0.340931 625.952 108.317 5.77891
2685 0.341058 6.71916 0.146278 45.9341
2686 0.341185 4.7352 0.137448 34.451
2687 0.341312 11.7086 0.606775 19.2964
2688 0.34144 7.05348 0.183941 38.3464
2689 0.341566 13.2467 0.409556 32.344
2690 0.341693 41.4014 2.07346 19.9673
2691 0.34182 62.2829 4.87093 12.7867
2692 0.341947 626.307 102.689 6.09909
2693 0.342075 8.54067 0.18278 46.7265
2694 0.342201 8.91023 0.262438 33.9517
2695 0.342328 13.8422 0.706439 19.5944
2696 0.342455 9.17487 0.212784 43.1182
2697 0.342583 17.957 0.566096 31.7208
2698 0.34271 41.2429 2.10462 19.5963
2699 0.342836 693.38 101.495 6.83168
2700 0.342963 3.06018 0.0540173 56.6518
2701 0.34309 6.37492 0.133378 47.796
2702 0.343218 10.7418 0.304593 35.2659
2703 0.343344 15.243 0.841766 18.1084
2704 0.343471 7.78061 0.18566 41.9078
2705 0.343598 27.7326 0.860452 32.2302
2706 0.343725 70.444 3.67013 19.1939
2707 0.343853 118.141 9.23337 12.795
2708 0.343979 556.063 83.2062 6.68295
2709 0.344106 10.2102 0.213942 47.7243
2710 0.344233 22.3448 0.61307 36.4474
2711 0.34436 26.7203 1.34017 19.9381
2712 0.344488 16.2019 0.382023 42.4107
2713 0.344614 38.7269 1.28291 30.1868
2714 0.344741 70.1101 3.63015 19.3133
2715 0.344868 617.3 81.413 7.58233
2716 0.344996 3.50742 0.0639474 54.8486
2717 0.345122 13.8381 0.286642 48.2767
2718 0.345249 21.2504 0.581299 36.5568
2719 0.345376 24.1494 1.28408 18.8067
2720 0.345503 12.9319 0.29287 44.1559
2721 0.345631 37.1008 1.20606 30.7619
2722 0.345757 92.8409 4.77835 19.4295
2723 0.345884 551.593 69.1871 7.97247
2724 0.346011 6.49791 0.10709 60.6769
2725 0.346138 8.98033 0.195716 45.8846
2726 0.346266 32.1212 0.892609 35.9858
2727 0.346392 27.1541 1.41503 19.1898
2728 0.346519 15.3512 0.356453 43.0667
2729 0.346646 42.1839 1.32425 31.855
2730 0.346774 105.696 5.34445 19.7767
2731 0.346901 115.23 9.11736 12.6386
2732 0.347027 351.542 46.9287 7.49099
2733 0.347154 12.8003 0.27306 46.8773
2734 0.347281 32.9264 0.881046 37.372
2735 0.347409 23.3012 1.17691 19.7987
2736 0.347535 15.6934 0.370368 42.3723
2737 0.347662 24.8589 0.78628 31.6159
2738 0.347789 91.1124 4.81486 18.9232
2739 0.347916 127.773 9.98589 12.7954
2740 0.348044 260.361 34.3477 7.58016
2741 0.34817 10.4936 0.226438 46.3422
2742 0.348297 32.6638 0.932064 35.0445
2743 0.348424 27.3557 1.40412 19.4824
2744 0.348551 21.9522 0.509657 43.0724
2745 0.348679 36.8755 1.17372 31.4175
2746 0.348805 78.0252 3.93271 19.84
2747 0.348932 292.352 33.003 8.85834
2748 0.349059 4.95006 0.0907042 54.5737
2749 0.349187 13.9894 0.301176 46.449
2750 0.349313 19.56 0.532929 36.7028
2751 0.34944 20.878 1.05101 19.8647
2752 0.349567 9.53385 0.209749 45.4537
2753 0.349694 38.3472 1.20966 31.7008
2754 0.349822 53.7454 2.72706 19.7082
2755 0.349948 83.6901 6.35497 13.1692
2756 0.350075 144.098 18.0019 8.00459
2757 0.350202 8.61611 0.193808 44.4568
2758 0.350329 15.2169 0.414463 36.7149
2759 0.350457 20.55 1.02928 19.9654
2760 0.350583 15.1346 0.352224 42.9687
2761 0.35071 35.1542 1.13816 30.8869
2762 0.350837 37.8176 1.93366 19.5575
2763 0.350965 66.928 5.31218 12.599
2764 0.351092 98.3638 11.7649 8.36075
2765 0.351218 4.29952 0.0875773 49.094
2766 0.351345 11.8252 0.329032 35.9393
2767 0.351472 11.4669 0.614482 18.6611
2768 0.3516 6.60661 0.145149 45.516
2769 0.351726 14.957 0.461641 32.3996
2770 0.351853 51.9355 2.61972 19.8248
2771 0.35198 108.576 10.95 9.91562
2772 0.352107 2.89222 0.0513888 56.2811
2773 0.352235 4.26308 0.0902245 47.2497
2774 0.352361 17.1173 0.487135 35.1387
2775 0.352488 11.0376 0.547238 20.1696
2776 0.352615 6.99527 0.151757 46.0953
2777 0.352742 18.8562 0.595999 31.638
2778 0.35287 25.854 1.32364 19.5326
2779 0.352996 35.7158 2.74247 13.0232
2780 0.353123 35.0668 4.00449 8.75687
2781 0.35325 4.50021 0.0956784 47.0348
2782 0.353378 7.03358 0.204487 34.3963
2783 0.353504 8.00128 0.403246 19.8422
2784 0.353631 5.21664 0.112537 46.3547
2785 0.353758 12.1415 0.388328 31.2662
2786 0.353885 19.5966 0.935987 20.9369
2787 0.354013 20.5996 1.52509 13.5071
2788 0.354139 20.0681 2.18932 9.16634
2789 0.354266 1.73848 0.0389477 44.6363
2790 0.354393 5.78236 0.150464 38.4303
2791 0.35452 6.37817 0.300772 21.206
2792 0.354648 1.48089 0.03259 45.44
2793 0.354774 15.1621 0.475332 31.8979
2794 0.354901 3.39194 0.165349 20.5138
2795 0.355028 22.8854 1.99107 11.494
2797 0.355283 0.602287 0.0108441 55.5402
2798 0.355409 1.15382 0.0299256 38.5561
2799 0.355536 3.65912 0.186487 19.6213
2800 0.355663 0.558995 0.00970509 57.5982
2801 0.355791 8.25884 0.263491 31.344
2802 0.355917 7.72198 0.380136 20.3137
2803 0.356044 4.51701 0.324843 13.9052
2804 0.356171 4.13966 0.378917 10.925
2805 0.356298 0.579908 0.0131197 44.2015
2806 0.356426 2.08643 0.0543443 38.3928
2807 0.356552 0.973963 0.04838 20.1315
2809 0.356806 2.60189 0.07723 33.6902
2810 0.356933 1.55129 0.0861598 18.0048
2811 0.357061 2.62107 0.221081 11.8557
2812 0.357187 1.25487 0.120338 10.4279
2814 0.357441 1.11306 0.028242 39.4115
2815 0.357569 0.338324 0.0210344 16.0843
2817 0.357822 1.61033 0.0571971 28.154
2818 0.357949 1.47282 0.0834544 17.6483
2819 0.358076 1.49103 0.0946191 15.7582
2822 0.358457 0.815713 0.0255303 31.9508
2823 0.358584 0.964334 0.0310596 31.0479
2824 0.358711 0.756388 0.0153434 49.2972
