         0.0298     0.109       -12   0.00393              gamma
          0.164    -0.149       -12    0.0038              gamma
          0.189    0.0407       -12   0.00393              gamma
          0.151  0.000575       -12   0.00393              gamma
          0.124   -0.0855       -12   0.00393              gamma
        0.00709  -0.00254       -12   0.00422              gamma
         0.0287   -0.0173       -12   0.00393              gamma
        0.00201     0.176       -12    0.0035              gamma
         -0.127   -0.0873       -12    0.0035              gamma
         0.0536    -0.124       -12    0.0045              gamma
         -0.135    -0.155       -12   0.00391              gamma
         -0.103     0.133       -12   0.00393              gamma
          0.081     0.034       -12    0.0045              gamma
         -0.171    0.0968       -12   0.00393              gamma
         -0.114     0.108       -12   0.00393              gamma
         -0.154    -0.187       -12   0.00393              gamma
          0.177   -0.0515       -12   0.00393              gamma
        -0.0468      0.12       -12    0.0045              gamma
         0.0369      0.18       -12   0.00422              gamma
         0.0943   -0.0555       -12   0.00393              gamma
          -0.15    -0.136       -12   0.00422              gamma
           0.12    -0.125       -12   0.00393              gamma
         0.0967    -0.156       -12   0.00393              gamma
        -0.0756   -0.0849       -12   0.00393              gamma
        -0.0324     0.117       -12    0.0035              gamma
          -0.12     0.136       -12    0.0035              gamma
       -0.00462    -0.154       -12   0.00393              gamma
        -0.0388   -0.0456       -12   0.00393              gamma
          0.105     0.116       -12   0.00393              gamma
           0.18    -0.176       -12   0.00393              gamma
         -0.171   -0.0897       -12   0.00393              gamma
         -0.108    0.0415       -12   0.00393              gamma
        -0.0747   -0.0515       -12   0.00393              gamma
          -0.18    0.0316       -12   0.00393              gamma
         -0.174   -0.0823       -12   0.00391              gamma
         -0.104     -0.15       -12   0.00393              gamma
        -0.0377    -0.167       -12   0.00393              gamma
        -0.0229    -0.126       -12   0.00393              gamma
         0.0737    -0.144       -12    0.0045              gamma
         -0.135   -0.0333       -12   0.00391              gamma
          0.125   -0.0562       -12   0.00391              gamma
        -0.0419    0.0161       -12   0.00422              gamma
         0.0268    -0.114       -12   0.00422              gamma
         0.0198    -0.122       -12   0.00422              gamma
         -0.118    -0.117       -12    0.0045              gamma
         -0.181   -0.0148       -12   0.00393              gamma
       -0.00146   -0.0863       -12   0.00391              gamma
        -0.0177     0.179       -12   0.00422              gamma
          0.195   -0.0855       -12   0.00393              gamma
          -0.18    0.0189       -12   0.00393              gamma
         0.0922   0.00825       -12   0.00393              gamma
         -0.123    -0.107       -12   0.00423              gamma
          0.131    -0.159       -12    0.0045              gamma
         -0.137    0.0752       -12   0.00393              gamma
         -0.151   -0.0188       -12   0.00393              gamma
         0.0738    0.0601       -12   0.00393              gamma
          0.156      0.18       -12   0.00393              gamma
          -0.04   -0.0447       -12   0.00393              gamma
          0.158     0.173       -12    0.0045              gamma
         -0.176     0.185       -12   0.00393              gamma
         -0.125    -0.166       -12   0.00422              gamma
        -0.0861     0.114       -12   0.00393              gamma
         0.0546   0.00241       -12   0.00391              gamma
        -0.0201    0.0697       -12   0.00429              gamma
         -0.146    -0.163       -12    0.0035              gamma
         -0.121   0.00653       -12   0.00393              gamma
         -0.123    -0.188       -12    0.0035              gamma
          0.192    0.0355       -12    0.0045              gamma
           0.13   0.00296       -12    0.0048              gamma
         -0.171     0.164       -12   0.00393              gamma
         -0.127      0.15       -12   0.00393              gamma
           -0.1    -0.089       -12   0.00393              gamma
         0.0604    -0.133       -12   0.00393              gamma
          0.161     0.174       -12   0.00422              gamma
         -0.173     0.197       -12   0.00393              gamma
        -0.0112    0.0836       -12   0.00393              gamma
          0.163    -0.199       -12   0.00422              gamma
         0.0846     0.133       -12   0.00393              gamma
          0.159    0.0685       -12   0.00422              gamma
         -0.197    0.0602       -12   0.00393              gamma
          0.114     0.158       -12   0.00393              gamma
         -0.135    -0.183       -12   0.00393              gamma
          0.117    0.0972       -12   0.00393              gamma
        -0.0353    -0.097       -12   0.00393              gamma
        -0.0449    0.0585       -12   0.00393              gamma
          0.137    0.0243       -12   0.00393              gamma
         -0.098   -0.0473       -12   0.00391              gamma
        -0.0431     0.182       -12   0.00393              gamma
         0.0409   -0.0569       -12   0.00449              gamma
         -0.098    0.0416       -12   0.00393              gamma
          0.146    0.0349       -12   0.00393              gamma
          0.039   -0.0576       -12    0.0045              gamma
          0.196     0.018       -12   0.00449              gamma
          0.113    0.0427       -12   0.00393              gamma
         0.0142    0.0273       -12   0.00393              gamma
         0.0667    0.0175       -12   0.00422              gamma
          0.124    -0.149       -12    0.0035              gamma
        -0.0759    -0.137       -12   0.00393              gamma
         0.0814     0.102       -12   0.00393              gamma
         0.0151   -0.0688       -12   0.00393              gamma
         -0.196    -0.129       -12   0.00391              gamma
        -0.0379    0.0611       -12    0.0045              gamma
          0.111   -0.0688       -12   0.00393              gamma
         0.0926    -0.135       -12   0.00422              gamma
          0.148    -0.086       -12   0.00422              gamma
         -0.043   -0.0381       -12   0.00391              gamma
         -0.131   0.00126       -12    0.0035              gamma
          0.115    -0.165       -12   0.00393              gamma
         -0.119    -0.101       -12   0.00393              gamma
          0.052    0.0859       -12   0.00393              gamma
        -0.0435   -0.0822       -12   0.00393              gamma
          0.103    -0.116       -12   0.00422              gamma
         0.0455    0.0044       -12   0.00391              gamma
        -0.0484     0.124       -12    0.0045              gamma
       -0.00142     0.197       -12   0.00393              gamma
          0.189     0.199       -12   0.00503              gamma
          0.113    -0.115       -12   0.00393              gamma
          0.117   -0.0973       -12   0.00393              gamma
          0.139     0.175       -12   0.00436              gamma
         0.0802    0.0681       -12   0.00393              gamma
         -0.189    -0.143       -12   0.00391              gamma
        -0.0964    0.0635       -12   0.00393              gamma
         -0.185    -0.121       -12   0.00391              gamma
           0.19     0.183       -12    0.0035              gamma
           0.18    0.0397       -12   0.00393              gamma
          0.106      0.17       -12   0.00393              gamma
       -0.00945     0.171       -12   0.00393              gamma
          0.176    0.0318       -12   0.00393              gamma
         -0.183    -0.141       -12   0.00393              gamma
         -0.136    0.0963       -12   0.00393              gamma
         0.0237   -0.0701       -12   0.00393              gamma
          0.164   -0.0129       -12   0.00422              gamma
          0.155      0.18       -12    0.0035              gamma
        -0.0749     0.109       -12   0.00391              gamma
         -0.175    0.0855       -12   0.00422              gamma
         0.0806     0.106       -12   0.00393              gamma
          0.197   -0.0391       -12   0.00393              gamma
          0.186     0.112       -12   0.00393              gamma
         -0.128    -0.168       -12   0.00393              gamma
         0.0286    -0.121       -12   0.00393              gamma
           0.19     0.169       -12   0.00393              gamma
          0.135   -0.0509       -12    0.0035              gamma
        -0.0959    -0.049       -12   0.00393              gamma
         -0.127     0.129       -12    0.0045              gamma
         0.0934     0.148       -12   0.00422              gamma
       -0.00489    0.0124       -12    0.0045              gamma
         0.0293     0.109       -12   0.00393              gamma
         0.0538     0.087       -12   0.00393              gamma
         -0.145    -0.176       -12   0.00393              gamma
           0.14    -0.173       -12   0.00422              gamma
          0.123   -0.0813       -12   0.00429              gamma
         0.0834     0.167       -12   0.00393              gamma
          0.125    0.0934       -12   0.00422              gamma
         -0.015   0.00347       -12   0.00391              gamma
         -0.146    -0.112       -12   0.00393              gamma
         -0.108     0.171       -12   0.00393              gamma
        -0.0524    -0.191       -12   0.00393              gamma
         0.0254  -0.00164       -12   0.00393              gamma
         0.0796    -0.172       -12   0.00429              gamma
        -0.0141     0.192       -12    0.0048              gamma
        -0.0764    -0.123       -12   0.00422              gamma
        -0.0235     0.144       -12    0.0035              gamma
         0.0483    -0.198       -12   0.00393              gamma
          0.132       0.2       -12   0.00393              gamma
        0.00914     0.173       -12   0.00422              gamma
        -0.0871    0.0797       -12   0.00391              gamma
          0.172   -0.0113       -12   0.00391              gamma
         -0.149   -0.0903       -12   0.00422              gamma
         0.0901    -0.056       -12   0.00393              gamma
          0.018     0.158       -12    0.0035              gamma
        -0.0137   -0.0198       -12    0.0035              gamma
        -0.0836   -0.0489       -12   0.00393              gamma
        0.00531     0.182       -12   0.00449              gamma
         -0.136    -0.152       -12   0.00393              gamma
          0.173    0.0813       -12    0.0035              gamma
          0.181    -0.165       -12   0.00393              gamma
         0.0782      0.19       -12   0.00422              gamma
         0.0799    -0.073       -12   0.00393              gamma
        -0.0285    -0.125       -12   0.00393              gamma
          0.088     0.106       -12    0.0045              gamma
         0.0777 -0.000764       -12    0.0048              gamma
        -0.0825  -0.00758       -12   0.00393              gamma
        -0.0332    -0.179       -12   0.00393              gamma
           0.13    -0.114       -12   0.00393              gamma
          0.126    0.0195       -12   0.00423              gamma
        0.00832    -0.174       -12   0.00422              gamma
          -0.19     0.165       -12   0.00393              gamma
        -0.0556    -0.156       -12    0.0048              gamma
         -0.149     0.146       -12    0.0035              gamma
        -0.0427     0.145       -12    0.0045              gamma
        -0.0786  0.000495       -12   0.00423              gamma
          0.182    -0.116       -12   0.00422              gamma
         -0.134    -0.157       -12   0.00422              gamma
         0.0704    -0.128       -12   0.00391              gamma
        -0.0806     0.138       -12   0.00393              gamma
         0.0752    0.0347       -12   0.00393              gamma
         0.0972    -0.196       -12    0.0045              gamma
         0.0807    -0.133       -12   0.00393              gamma
         0.0856    0.0853       -12    0.0035              gamma
          0.072   -0.0509       -12   0.00393              gamma
         -0.141     0.141       -12    0.0045              gamma
        -0.0301    -0.136       -12   0.00393              gamma
          0.117    0.0369       -12   0.00429              gamma
          0.194    0.0569       -12   0.00393              gamma
       -0.00388    -0.164       -12   0.00429              gamma
          0.178   -0.0967       -12   0.00393              gamma
         -0.124   0.00433       -12   0.00393              gamma
         -0.178 -0.000924       -12    0.0035              gamma
          0.194    0.0503       -12   0.00393              gamma
         0.0972    -0.127       -12   0.00422              gamma
        -0.0541     0.102       -12   0.00422              gamma
          0.178   -0.0294       -12   0.00393              gamma
          0.172     0.187       -12   0.00503              gamma
         -0.107   0.00983       -12    0.0045              gamma
         -0.144    -0.156       -12    0.0045              gamma
          0.106     0.147       -12    0.0045              gamma
          0.015    -0.169       -12    0.0045              gamma
        -0.0925    -0.134       -12   0.00393              gamma
         -0.169    -0.195       -12    0.0035              gamma
          -0.14   -0.0324       -12   0.00393              gamma
         0.0934   -0.0354       -12   0.00393              gamma
        -0.0824    0.0865       -12   0.00393              gamma
         -0.129    0.0177       -12   0.00393              gamma
         0.0062  -0.00114       -12   0.00422              gamma
         0.0402     0.132       -12    0.0035              gamma
         0.0117    0.0554       -12   0.00393              gamma
         -0.193     0.179       -12    0.0045              gamma
        -0.0373    0.0705       -12   0.00393              gamma
         0.0612    0.0346       -12   0.00393              gamma
        -0.0196    0.0643       -12    0.0035              gamma
        -0.0581    0.0421       -12    0.0048              gamma
        -0.0875     0.162       -12   0.00393              gamma
        -0.0438     -0.16       -12   0.00393              gamma
          0.041   -0.0306       -12   0.00393              gamma
        -0.0506    -0.177       -12   0.00422              gamma
        -0.0603   -0.0836       -12   0.00393              gamma
         -0.199   -0.0668       -12   0.00393              gamma
         0.0525     0.174       -12   0.00391              gamma
        -0.0911    0.0624       -12   0.00393              gamma
          0.185   -0.0677       -12   0.00393              gamma
         -0.115     0.161       -12   0.00393              gamma
         -0.162    0.0426       -12    0.0045              gamma
        -0.0401   -0.0235       -12   0.00393              gamma
          -0.14    0.0563       -12   0.00423              gamma
       -0.00727   -0.0109       -12   0.00393              gamma
        -0.0696    -0.169       -12   0.00393              gamma
        -0.0621     0.196       -12   0.00393              gamma
         0.0835    -0.181       -12   0.00393              gamma
         -0.164     0.126       -12   0.00393              gamma
         -0.118     0.162       -12    0.0035              gamma
         -0.162    -0.119       -12   0.00393              gamma
          0.102   -0.0967       -12   0.00393              gamma
          0.174   -0.0969       -12   0.00393              gamma
           0.15   -0.0326       -12   0.00393              gamma
         0.0473    -0.128       -12   0.00422              gamma
         -0.127    -0.117       -12    0.0035              gamma
        -0.0529    -0.154       -12   0.00393              gamma
          0.135     0.149       -12   0.00393              gamma
         0.0586     0.161       -12   0.00391              gamma
         -0.069    -0.145       -12   0.00393              gamma
       -0.00131    -0.167       -12   0.00393              gamma
          0.178    -0.106       -12   0.00393              gamma
          0.102     0.068       -12   0.00422              gamma
          0.135   -0.0177       -12   0.00393              gamma
        0.00419     0.127       -12   0.00393              gamma
         -0.105   -0.0498       -12   0.00422              gamma
         0.0524     0.141       -12   0.00393              gamma
         -0.189     0.165       -12   0.00393              gamma
        -0.0478   -0.0656       -12   0.00391              gamma
         0.0716    0.0976       -12   0.00393              gamma
        -0.0324      0.16       -12   0.00393              gamma
          0.185     0.143       -12    0.0045              gamma
        -0.0567   -0.0817       -12   0.00422              gamma
          0.198    0.0265       -12   0.00393              gamma
        -0.0626    0.0777       -12   0.00393              gamma
         -0.111    0.0733       -12    0.0045              gamma
         -0.145    0.0721       -12   0.00393              gamma
         0.0188    -0.096       -12   0.00393              gamma
         -0.155    0.0104       -12   0.00453              gamma
          -0.14     0.129       -12   0.00391              gamma
         0.0119     0.184       -12   0.00391              gamma
         0.0915    0.0938       -12   0.00422              gamma
        -0.0319    -0.109       -12    0.0048              gamma
         -0.176    -0.163       -12   0.00391              gamma
         -0.165    0.0491       -12   0.00391              gamma
         0.0271     0.163       -12   0.00393              gamma
        -0.0084    0.0867       -12   0.00393              gamma
        -0.0267    -0.141       -12   0.00393              gamma
         0.0305    -0.153       -12   0.00393              gamma
         -0.065     0.193       -12   0.00393              gamma
         0.0215   -0.0836       -12    0.0045              gamma
        -0.0849   -0.0312       -12    0.0045              gamma
         -0.159     0.124       -12   0.00422              gamma
         0.0768     0.165       -12   0.00429              gamma
        -0.0575    0.0169       -12   0.00393              gamma
          0.179     0.149       -12   0.00393              gamma
           0.17     0.195       -12   0.00393              gamma
          0.197    -0.119       -12   0.00393              gamma
         0.0871   -0.0647       -12   0.00393              gamma
        -0.0253     0.188       -12   0.00422              gamma
         -0.101    -0.052       -12   0.00393              gamma
         -0.177    -0.182       -12   0.00391              gamma
        0.00748    0.0632       -12    0.0045              gamma
         0.0954   -0.0903       -12   0.00393              gamma
         -0.188     0.167       -12    0.0048              gamma
         -0.106    -0.188       -12   0.00393              gamma
          0.152    0.0346       -12   0.00393              gamma
          0.151   -0.0714       -12   0.00393              gamma
        0.00599   0.00631       -12   0.00393              gamma
          0.176   0.00994       -12   0.00393              gamma
         0.0513    0.0445       -12   0.00393              gamma
          0.109     0.137       -12    0.0045              gamma
         0.0606    -0.109       -12   0.00393              gamma
         -0.128     0.019       -12   0.00393              gamma
          0.172     0.111       -12   0.00393              gamma
        -0.0589   -0.0467       -12   0.00391              gamma
          0.151   -0.0877       -12   0.00393              gamma
          0.072    -0.192       -12   0.00422              gamma
         0.0364    -0.162       -12    0.0045              gamma
         -0.064     -0.15       -12   0.00393              gamma
          0.162    -0.088       -12   0.00393              gamma
        -0.0525    -0.188       -12   0.00393              gamma
         0.0644   -0.0898       -12   0.00423              gamma
         -0.045    0.0867       -12   0.00393              gamma
         0.0508    -0.194       -12   0.00422              gamma
        -0.0916    -0.166       -12   0.00393              gamma
         -0.004    -0.108       -12    0.0048              gamma
          0.165     0.151       -12   0.00393              gamma
         0.0908    -0.161       -12   0.00393              gamma
          -0.16      0.19       -12    0.0035              gamma
